21	"134"	5	196.00	10.00	3	2021
21	"142"	3	36.00	10.00	3	2021
21	"155"	2	32.00	10.00	3	2021
21	"160"	1	24.00	10.00	3	2021
21	"170"	4	124.00	10.00	3	2021
21	"176"	4	96.00	10.00	3	2021
21	"181"	1	72.00	10.00	3	2021
21	"186"	3	152.00	10.00	3	2021
21	"192"	4	148.00	10.00	3	2021
21	"199"	3	94.50	10.00	3	2021
21	"206"	3	85.50	10.00	3	2021
21	"237"	2	32.00	10.00	3	2021
21	"241"	5	228.00	10.00	3	2021
21	"259"	1	16.00	10.00	3	2021
21	"260"	4	112.00	10.00	3	2021
21	"271"	5	168.00	10.00	3	2021
21	"312"	4	136.00	10.00	3	2021
21	"323"	2	80.00	10.00	3	2021
21	"336"	2	139.50	10.00	3	2021
21	"444"	3	72.00	10.00	3	2021
21	"446"	1	12.00	10.00	3	2021
21	"455"	4	180.00	10.00	3	2021
21	"457"	2	100.00	10.00	3	2021
21	"460"	2	48.00	10.00	3	2021
21	"461"	4	236.00	10.00	3	2021
